0000000000000000000000000000000000000000
0000000000000000000000000000000000000000
0000000000000000000000000000000000000000
0000000000000000000000000000000000000000
0000000000000000000000000000000000000000
0000000000000000000000000000000000000000
0000000000000000000000000000000000000000
0000000000000000000000000000000000000000
0000000000000000000000000000000000000000
0000000000000000000000000000000000000000
0000000000000000001011010000000000000000
0000000000000000000111100000000000000000
0000000000000000001100110000000000000000
0000000000000000001100110000000000000000
0000000000000000000111100000000000000000
0000000100100000001011010000000000000000
0000000011000000000000000000000000000000
0000001111110000000000000000000000000000
0000000011000000000000000000000000000000
0000000100100000000000000000000000000000
0000000000000000000000000000000000000000
0000000000000000000000000000000000000000
0000000000000000000000000000000000000000
0000000000000000000000000000000000000000
0000000000000000000000000000000000000000
0000000000000000000000000000000000000000
0000000000000000000000000000000000000000
0000000000000000000000111000000000000000
0000000000000000000001101100000000000000
0000000000000000000001010100000000000000
0000000000000000000001111100000000000000
0000000000000000000000101000000000000000
0000000000000000000000000000000000000000
0000000000000000000000000000000000000000
0000000000000000000000000000000000000000
0000000000000000000000000000000000000000
0000000000000000000000000000000000000000
0000000000000000000000000000000000000000
0000000000000000000000000000000000000000
0000000000000000000000000000000000000000

0000000000000000000000000000000000000000
0000000000000000000000000000000000000000
0000000000000000000000000000000000000000
0000000000000000000000000000000000000000
0000000000000000000000000000000000000000
0000000000000000000000000000000000000000
0000000000000000000000000000000000000000
0000000000000000000000000000000000000000
0000000000000000000000000000000000000000
0000000000000000000000000000000000000000
0000000000000000000000000000000000000000
0000000000000000000000000000000000000000
0000000000000000000000000000000000000000
0000000000000000000000000000000000000000
0000000000000000000000000000000000000000
0000000000000000000000000110100000000000
0000000000000000000000001111000000000000
0000000000000000000000010000100000000000
0000000000000000000000011001100000000000
0000000000000000000000001111000000000000
0000000000000000000000010100100000000000
0010010000000000000000000000000000000000
0000100000000000000000000000000000000000
0101111000000000000000000000000000000000
0001100000000000000000000000000000000000
0010010000000000000000000000000000000000
0000000000000000000000000000000000000000
0000000000000000000000000000000000000000
0000000000000000000000000000000000000000
0000000000000000000000000000000000000000
0000000000000000000000000000000000000000
0000000000000000000000000000000000000000
0000000000000000000000000000000000000000
0000000000000000000000000001110000000000
0000000000000000000000000011011000000000
0000000000000000000000000010000000000000
0000000000000000000000000011111000000000
0000000000000000000000000000010000000000
0000000000000000000000000000000000000000
0000000000000000000000000000000000000000

0000000000000000000000000000000000000000
0000000000000000000000000000000000000000
0000000000000000000000000000000000000000
0000000000000000000000000000000000000000
0000000000000000000000000000000000000000
0000000000000000000000000000000000000000
0000000000000000000000000000000000000000
0000000000000000000000000000000000000000
0000000000000000000000000000000000000000
0000000000000000000000000000010110100000
0000000000000000000000000000001111000000
0000000000000000000000000000011001100000
0000000000000000000000000000010001100000
0000000000000000000000000000001111000000
0000000000000000000000000000010100000000
0000000000000000000000000000000000000000
0100100000000000000000000000000000000000
0011000000000000000000000000000000000000
1101110000000000000000000000000000000000
0001000000000000000000000000000000000000
0100100000000000000000000000000000000000
0000000000000000000000000000000000000000
0000000000000000000000000000000000000000
0000000000000000000000000000000000000000
0000000000000000000000000000000000000000
0000000000000000000000000000000000000000
0000000000000000000000000000000000000000
0000000000000000000000110000000000000000
0000000000000000000001100100000000000000
0000000000000000000001010000000000000000
0000000000000000000001111100000000000000
0000000000000000000000101000000000000000
0000000000000000000000000000000000000000
0000000000000000000000000000000000000000
0000000000000000000000000000000000000000
0000000000000000000000000000000000000000
0000000000000000000000000000000000000000
0000000000000000000000000000000000000000
0000000000000000000000000000000000000000
0000000000000000000000000000000000000000

0000000000000000000000000000000000000000
0000000000000000000000000000000000000000
0000000000000000000000000000000000000000
0000000000000000000000000000000000000000
0000000000000000000000000000000000000000
0000000000000000000000000000000000000000
0000000000000000000000000000000000000000
0000000000000000000000000000000000000000
0000000000000000000000000000000000000000
0000000000000000000000000000000000000000
0000000000000000000000000000000000000000
0000000000000000000000000000000000000000
0000000000000000000000000000000000000000
0000000000000000000000000000000000000000
0000000000000000000000000000000000000000
0000000000000000000000000110100000000000
0000000000000000000000001111000000000000
0000000000000000000000011001100000000000
0000000000000000000000010001100000000000
0000000000000000000000001111000000000000
0000000000000000000000010110000000000000
0100100000000000000000000000000000000000
0011000000000000000000000000000000000000
1111110000000000000000000000000000000000
0011000000000000000000000000000000000000
0100000000000000000000000000000000000000
0000000000000000000000000000000000000000
0000000000000000000000000000000000000000
0000000000000000000000000000000000000000
0000000000000000000000000000000000000000
0000000000000000000000000000000000000000
0000000000000000000000000000000000000000
0000000000000000000000000000000000000000
0000000000000000001100000000000000000000
0000000000000000110010000000000000000000
0000000000000000100010000000000000000000
0000000000000000111110000000000000000000
0000000000000000000100000000000000000000
0000000000000000000000000000000000000000
0000000000000000000000000000000000000000

0000000000000000000000000000000000000000
0000000000000000000000000000000000000000
0000000000000000000000000000000000000000
0000000000000000000000000000000000000000
0000000000000000000000000000000000000000
0000000000000000000000000000000000000000
0000000000000000000000000000000000000000
0000000000000000000000000000000000000000
0000000000000000000000000000000000000000
0000000000000000000000000000000000000000
0000000000000000000000000000001100000000
0000000000000000000000000000011110000000
0000000000000000000000000000110011000000
0000000000000000000000000000110011000000
0000000000000000000000000000001110000000
0000000000000000000000000000101101000000
0000000100000000000000000000000000000000
0000000011000000000000000000000000000000
0000001100110000000000000000000000000000
0000000011000000000000000000000000000000
0000000000100000000000000000000000000000
0000000000000000000000000000000000000000
0000000000000000000000000000000000000000
0000000000000000000000000000000000000000
0000000000000000000000000000000000000000
0000000000000000000000000000000000000000
0000000000000000000000000000000000000000
0000000000000000000000110000000000000000
0000000000000000000001100100000000000000
0000000000000000000000000100000000000000
0000000000000000000001111100000000000000
0000000000000000000000101000000000000000
0000000000000000000000000000000000000000
0000000000000000000000000000000000000000
0000000000000000000000000000000000000000
0000000000000000000000000000000000000000
0000000000000000000000000000000000000000
0000000000000000000000000000000000000000
0000000000000000000000000000000000000000
0000000000000000000000000000000000000000

0000000000000000000000000000000000000000
0000000000000000000000000000000000000000
0000000000000000000000000000000000000000
0000000000000000000000000000000000000000
0000000000000000000000100101000000000000
0000000000000000000000011110000000000000
0000000000000000000000110011000000000000
0000000000000000000000110011000000000000
0000000000000000000000010100000000000000
0000000000000000000000101101000000000000
0000000000000000000000000000000000000000
0000000000001000000000000000000000000000
0000000000000010000000000000000000000000
0000000000011110100000000000000000000000
0000000000000110000000000000000000000000
0000000000001001000000000000000000000000
0000000000000000000000000000000000000000
0000000000000000000000000000000000000000
0000000000000000000000000000000000000000
0000000000000000000000000000000000000000
0000000000000000000000000000000000000000
0000000000000000000000000000000000000000
0000000000000000000000000000000000000000
0000000000000000000000000000000000000000
0000000000000000000000000000000000000000
0000000000000000000000000000000000000000
0000000000000000000000000000000000000000
0000000000000000000000000000000000000000
0000000000000000000000000000000000000000
0000000000000000000000000000000000000000
0000000000000000000000000000000000000000
0000000000000000000000000000000000000000
0000000000000000111000000000000000000000
0000000000000001101100000000000000000000
0000000000000001010000000000000000000000
0000000000000001110000000000000000000000
0000000000000000101000000000000000000000
0000000000000000000000000000000000000000
0000000000000000000000000000000000000000
0000000000000000000000000000000000000000
